filename: Abuse030_x264.npy
average_checkpoint_time: 0.019187021255493163
average_complete_time: 5.133646869659424
